
73751,14101,1320 74748,14101,1334 75745,14101,1179 76742,14101,1104 77739,14101,983 78735,14101,912 79733,14101,772 80730,14101,698 81726,14101,621 82723,14101,479 83720,14101,364 84717,14101,312 85713,14101,159 86711,14101,162 87708,14101,204 88704,14101,228 89701,14101,210 90698,14101,196 91695,14101,224 92692,14101,314 93689,14101,622 94686,14101,508 95683,14101,312 96679,14101,357 97676,14101,350 
73751,13059,1318 74748,13059,1275 75745,13059,1114 76742,13059,1040 77739,13059,965 78735,13059,881 79733,13059,774 80730,13059,669 81726,13059,569 82723,13059,436 83720,13059,291 84717,13059,236 85713,13059,278 86711,13059,243 87708,13059,230 88704,13059,247 89701,13059,205 90698,13059,196 91695,13059,226 92692,13059,305 93689,13059,618 94686,13059,574 95683,13059,421 96679,13059,503 97676,13059,502 
73751,12018,1155 74748,12018,1170 75745,12018,1035 76742,12018,954 77739,12018,978 78735,12018,806 79733,12018,672 80730,12018,622 81726,12018,512 82723,12018,448 83720,12018,238 84717,12018,388 85713,12018,308 86711,12018,251 87708,12018,217 88704,12018,223 89701,12018,223 90698,12018,207 91695,12018,249 92692,12018,374 93689,12018,634 94686,12018,550 95683,12018,479 96679,12018,571 97676,12018,431 
73751,10976,1123 74748,10976,1051 75745,10976,1002 76742,10976,830 77739,10976,808 78735,10976,821 79733,10976,711 80730,10976,507 81726,10976,440 82723,10976,223 83720,10976,434 84717,10976,480 85713,10976,355 86711,10976,251 87708,10976,263 88704,10976,233 89701,10976,301 90698,10976,222 91695,10976,320 92692,10976,499 93689,10976,714 94686,10976,531 95683,10976,608 96679,10976,614 97676,10976,398 
73751,9935,906 74748,9935,857 75745,9935,796 76742,9935,930 77739,9935,685 78735,9935,654 79733,9935,636 80730,9935,494 81726,9935,246 82723,9935,308 83720,9935,593 84717,9935,591 85713,9935,465 86711,9935,303 87708,9935,327 88704,9935,330 89701,9935,379 90698,9935,272 91695,9935,406 92692,9935,599 93689,9935,730 94686,9935,669 95683,9935,699 96679,9935,568 97676,9935,500 
73751,8893,814 74748,8893,931 75745,8893,964 76742,8893,653 77739,8893,726 78735,8893,513 79733,8893,393 80730,8893,295 81726,8893,311 82723,8893,542 83720,8893,448 84717,8893,649 85713,8893,400 86711,8893,330 87708,8893,356 88704,8893,381 89701,8893,401 90698,8893,344 91695,8893,452 92692,8893,605 93689,8893,681 94686,8893,763 95683,8893,665 96679,8893,650 97676,8893,655 
73751,7851,951 74748,7851,911 75745,7851,673 76742,7851,691 77739,7851,594 78735,7851,547 79733,7851,582 80730,7851,301 81726,7851,381 82723,7851,478 83720,7851,614 84717,7851,693 85713,7851,453 86711,7851,387 87708,7851,499 88704,7851,511 89701,7851,515 90698,7851,542 91695,7851,367 92692,7851,660 93689,7851,784 94686,7851,792 95683,7851,760 96679,7851,742 97676,7851,705 
73751,6810,873 74748,6810,1027 75745,6810,939 76742,6810,778 77739,6810,507 78735,6810,513 79733,6810,455 80730,6810,351 81726,6810,320 82723,6810,436 83720,6810,702 84717,6810,667 85713,6810,590 86711,6810,517 87708,6810,472 88704,6810,467 89701,6810,494 90698,6810,472 91695,6810,497 92692,6810,588 93689,6810,849 94686,6810,859 95683,6810,823 96679,6810,680 97676,6810,660 
73751,5768,1098 74748,5768,1066 75745,5768,963 76742,5768,794 77739,5768,748 78735,5768,610 79733,5768,353 80730,5768,380 81726,5768,309 82723,5768,584 83720,5768,616 84717,5768,631 85713,5768,641 86711,5768,539 87708,5768,492 88704,5768,501 89701,5768,512 90698,5768,734 91695,5768,620 92692,5768,814 93689,5768,866 94686,5768,896 95683,5768,842 96679,5768,792 97676,5768,747 
73751,4727,970 74748,4727,1053 75745,4727,752 76742,4727,588 77739,4727,428 78735,4727,378 79733,4727,380 80730,4727,402 81726,4727,404 82723,4727,363 83720,4727,357 84717,4727,472 85713,4727,497 86711,4727,459 87708,4727,545 88704,4727,660 89701,4727,620 90698,4727,840 91695,4727,869 92692,4727,922 93689,4727,942 94686,4727,940 95683,4727,863 96679,4727,830 97676,4727,683 
73751,3685,711 74748,3685,709 75745,3685,527 76742,3685,378 77739,3685,446 78735,3685,604 79733,3685,539 80730,3685,373 81726,3685,421 82723,3685,402 83720,3685,415 84717,3685,393 85713,3685,428 86711,3685,443 87708,3685,570 88704,3685,823 89701,3685,800 90698,3685,800 91695,3685,920 92692,3685,955 93689,3685,1032 94686,3685,1005 95683,3685,938 96679,3685,871 97676,3685,760 
73751,2644,482 74748,2644,470 75745,2644,393 76742,2644,545 77739,2644,565 78735,2644,728 79733,2644,560 80730,2644,427 81726,2644,443 82723,2644,435 83720,2644,427 84717,2644,432 85713,2644,438 86711,2644,460 87708,2644,581 88704,2644,905 89701,2644,988 90698,2644,898 91695,2644,963 92692,2644,1012 93689,2644,1064 94686,2644,1055 95683,2644,989 96679,2644,879 97676,2644,749 
73751,1602,501 74748,1602,498 75745,1602,650 76742,1602,770 77739,1602,847 78735,1602,773 79733,1602,543 80730,1602,475 81726,1602,469 82723,1602,443 83720,1602,450 84717,1602,465 85713,1602,454 86711,1602,497 87708,1602,689 88704,1602,1051 89701,1602,947 90698,1602,1015 91695,1602,1016 92692,1602,1082 93689,1602,1072 94686,1602,1039 95683,1602,958 96679,1602,916 97676,1602,845 
73751,560,649 74748,560,648 75745,560,1034 76742,560,888 77739,560,874 78735,560,819 79733,560,586 80730,560,561 81726,560,482 82723,560,480 83720,560,505 84717,560,495 85713,560,473 86711,560,538 87708,560,696 88704,560,897 89701,560,987 90698,560,1045 91695,560,1094 92692,560,1142 93689,560,1073 94686,560,1062 95683,560,989 96679,560,942 97676,560,820 
73751,-481,844 74748,-481,936 75745,-481,1144 76742,-481,944 77739,-481,899 78735,-481,841 79733,-481,742 80730,-481,589 81726,-481,548 82723,-481,519 83720,-481,523 84717,-481,531 85713,-481,503 86711,-481,526 87708,-481,735 88704,-481,910 89701,-481,1097 90698,-481,1111 91695,-481,1154 92692,-481,1193 93689,-481,1140 94686,-481,1086 95683,-481,1003 96679,-481,871 97676,-481,772 
73751,-1523,876 74748,-1523,1167 75745,-1523,1012 76742,-1523,1002 77739,-1523,947 78735,-1523,922 79733,-1523,867 80730,-1523,624 81726,-1523,623 82723,-1523,557 83720,-1523,554 84717,-1523,554 85713,-1523,535 86711,-1523,569 87708,-1523,721 88704,-1523,945 89701,-1523,1176 90698,-1523,1116 91695,-1523,1183 92692,-1523,1216 93689,-1523,1098 94686,-1523,1061 95683,-1523,972 96679,-1523,757 97676,-1523,1024 
73751,-2564,998 74748,-2564,1130 75745,-2564,1084 76742,-2564,1026 77739,-2564,1059 78735,-2564,980 79733,-2564,908 80730,-2564,722 81726,-2564,662 82723,-2564,592 83720,-2564,593 84717,-2564,587 85713,-2564,566 86711,-2564,608 87708,-2564,715 88704,-2564,925 89701,-2564,1207 90698,-2564,1180 91695,-2564,1234 92692,-2564,1169 93689,-2564,1161 94686,-2564,901 95683,-2564,886 96679,-2564,977 97676,-2564,778 
73751,-3606,1123 74748,-3606,1202 75745,-3606,1049 76742,-3606,1112 77739,-3606,1108 78735,-3606,942 79733,-3606,729 80730,-3606,799 81726,-3606,697 82723,-3606,654 83720,-3606,649 84717,-3606,634 85713,-3606,623 86711,-3606,604 87708,-3606,839 88704,-3606,993 89701,-3606,1274 90698,-3606,1185 91695,-3606,1224 92692,-3606,1091 93689,-3606,972 94686,-3606,982 95683,-3606,892 96679,-3606,754 97676,-3606,730 
73751,-4648,1236 74748,-4648,1278 75745,-4648,1172 76742,-4648,1159 77739,-4648,952 78735,-4648,916 79733,-4648,927 80730,-4648,853 81726,-4648,740 82723,-4648,787 83720,-4648,679 84717,-4648,689 85713,-4648,684 86711,-4648,595 87708,-4648,815 88704,-4648,993 89701,-4648,1210 90698,-4648,1160 91695,-4648,1119 92692,-4648,1150 93689,-4648,1137 94686,-4648,917 95683,-4648,781 96679,-4648,726 97676,-4648,756 
73751,-5689,1352 74748,-5689,1249 75745,-5689,1245 76742,-5689,1199 77739,-5689,1115 78735,-5689,1051 79733,-5689,1050 80730,-5689,865 81726,-5689,781 82723,-5689,806 83720,-5689,703 84717,-5689,737 85713,-5689,736 86711,-5689,626 87708,-5689,829 88704,-5689,1107 89701,-5689,1253 90698,-5689,1221 91695,-5689,1006 92692,-5689,916 93689,-5689,943 94686,-5689,779 95683,-5689,810 96679,-5689,926 97676,-5689,920 
73751,-6730,1391 74748,-6730,1359 75745,-6730,1317 76742,-6730,1219 77739,-6730,1101 78735,-6730,968 79733,-6730,884 80730,-6730,845 81726,-6730,877 82723,-6730,825 83720,-6730,870 84717,-6730,801 85713,-6730,668 86711,-6730,776 87708,-6730,1071 88704,-6730,1024 89701,-6730,1201 90698,-6730,1092 91695,-6730,1131 92692,-6730,1069 93689,-6730,915 94686,-6730,851 95683,-6730,1022 96679,-6730,965 97676,-6730,956 
73751,-7772,1453 74748,-7772,1453 75745,-7772,1116 76742,-7772,944 77739,-7772,1101 78735,-7772,966 79733,-7772,919 80730,-7772,922 81726,-7772,946 82723,-7772,934 83720,-7772,874 84717,-7772,830 85713,-7772,933 86711,-7772,930 87708,-7772,993 88704,-7772,1225 89701,-7772,1294 90698,-7772,1145 91695,-7772,1203 92692,-7772,1033 93689,-7772,954 94686,-7772,945 95683,-7772,1027 96679,-7772,988 97676,-7772,905 
73751,-8814,1437 74748,-8814,1165 75745,-8814,1036 76742,-8814,1181 77739,-8814,1093 78735,-8814,1139 79733,-8814,1074 80730,-8814,1109 81726,-8814,1057 82723,-8814,1039 83720,-8814,974 84717,-8814,907 85713,-8814,811 86711,-8814,876 87708,-8814,1053 88704,-8814,1271 89701,-8814,1380 90698,-8814,1277 91695,-8814,1224 92692,-8814,1029 93689,-8814,1046 94686,-8814,1078 95683,-8814,972 96679,-8814,1026 97676,-8814,1043 
73751,-9855,1446 74748,-9855,1318 75745,-9855,1291 76742,-9855,1279 77739,-9855,1352 78735,-9855,1067 79733,-9855,1164 80730,-9855,1235 81726,-9855,1191 82723,-9855,1180 83720,-9855,1054 84717,-9855,954 85713,-9855,782 86711,-9855,1003 87708,-9855,1066 88704,-9855,1244 89701,-9855,1238 90698,-9855,1161 91695,-9855,1075 92692,-9855,1175 93689,-9855,1150 94686,-9855,1106 95683,-9855,1109 96679,-9855,1037 97676,-9855,1032 
73751,-10897,1548 74748,-10897,1455 75745,-10897,1507 76742,-10897,1449 77739,-10897,1232 78735,-10897,1326 79733,-10897,1243 80730,-10897,1343 81726,-10897,1268 82723,-10897,1155 83720,-10897,1072 84717,-10897,1032 85713,-10897,823 86711,-10897,1202 87708,-10897,1225 88704,-10897,1301 89701,-10897,1340 90698,-10897,1345 91695,-10897,1286 92692,-10897,1198 93689,-10897,1191 94686,-10897,1160 95683,-10897,1131 96679,-10897,1088 97676,-10897,1128 

